v: 46.508319
Vmax: 39.432318
gamma: 0.229562
Gammamax: 0.263389
